function [mult] = darcy()
mult = 9.869232667160130e-13 * meter()^2;
end

